0   0
4.99989e-05   11.1988
9.99958e-05   22.4004
0.000149991   33.6048
0.000199983   44.812
0.000249974   56.0219
0.000299962   67.2347
0.000349948   78.4503
0.000399933   89.6686
0.000449915   100.89
0.000499895   112.114
0.000549872   123.34
0.000599848   134.57
0.000649822   145.802
0.000699793   157.037
0.000749763   168.275
0.00079973   179.516
0.000849695   190.76
0.000899658   202.006
0.000949619   213.255
0.000999578   224.507
0.00104953   235.762
0.00109949   247.019
0.00114944   258.279
0.00119939   269.542
0.00124934   280.808
0.00129929   292.077
0.00134923   303.336
0.00139917   314.176
0.00144912   320.819
0.00149907   322.419
0.00154902   322.806
0.00159897   323.046
0.00164891   323.271
0.00169886   323.495
0.00174881   323.718
0.00179876   323.942
0.0018487   324.165
0.00189865   324.388
0.00194859   324.611
0.00199854   324.834
0.00204848   325.057
0.00209842   325.28
0.00214837   325.502
0.00219831   325.725
0.00224825   325.947
0.00229819   326.17
0.00234813   326.392
0.00239807   326.615
0.002448   326.837
0.00249794   327.059
0.00254788   327.281
0.00259781   327.503
0.00264775   327.725
0.00269768   327.947
0.00274762   328.169
0.00279755   328.39
0.00284748   328.612
0.00289742   328.833
0.00294735   329.055
0.00299728   329.276
0.00304721   329.498
0.00309714   329.719
0.00314707   329.94
0.003197   330.161
0.00324692   330.382
0.00329685   330.603
0.00334678   330.824
0.0033967   331.045
0.00344663   331.265
0.00349655   331.486
0.00354648   331.706
0.0035964   331.927
0.00364632   332.147
0.00369625   332.368
0.00374617   332.588
0.00379609   332.808
0.00384601   333.028
0.00389593   333.248
0.00394585   333.468
0.00399577   333.688
0.00404569   333.908
0.0040956   334.128
0.00414552   334.348
0.00419544   334.567
0.00424535   334.781
0.00429527   334.998
0.00434518   335.219
0.00439509   335.446
0.00444501   335.673
0.00449492   335.9
0.00454483   336.127
0.00459474   336.354
0.00464465   336.581
0.00469456   336.808
0.00474447   337.034
0.00479438   337.261
0.00484429   337.487
0.0048942   337.714
0.00494411   337.94
0.00499401   338.166
