0   0
4.99988e-05   4.71114
9.9995e-05   9.42337
0.000149989   14.1367
0.00019998   18.8511
0.000249969   23.5665
0.000299955   28.2831
0.000349939   33.0007
0.00039992   37.7195
0.000449899   42.4393
0.000499875   47.1602
0.000549849   51.8822
0.00059982   56.6052
0.000649789   61.3294
0.000699755   66.0546
0.000749719   70.781
0.00079968   75.5084
0.000849639   80.2369
0.000899595   84.9665
0.000949549   89.6972
0.0009995   94.4289
0.00104945   99.1618
0.0010994   103.896
0.00114934   108.631
0.00119928   113.367
0.00124922   118.104
0.00129916   122.842
0.00134909   127.582
0.00139902   132.322
0.00144895   137.064
0.00149888   141.806
0.0015488   146.55
0.00159872   151.295
0.00164864   156.041
0.00169856   160.788
0.00174847   165.536
0.00179838   170.285
0.00184829   175.035
0.0018982   179.787
0.0019481   184.539
0.001998   189.293
0.0020479   194.047
0.0020978   198.803
0.00214769   203.56
0.00219758   208.318
0.00224747   213.077
0.00229736   217.837
0.00234724   222.598
0.00239712   227.36
0.002447   232.124
0.00249688   236.888
0.00254675   241.654
0.00259663   246.42
0.00264649   251.188
0.00269636   255.957
0.00274623   260.727
0.00279609   265.498
0.00284595   270.27
0.0028958   275.043
0.00294566   279.817
0.00299551   284.592
0.00304536   289.367
0.0030952   294.132
0.00314505   298.853
0.00319489   303.37
0.00324473   307.174
0.00329457   309.565
0.0033444   310.669
0.00339423   311.164
0.00344406   311.463
0.00349389   311.703
0.00354371   311.927
0.00359354   312.146
0.00364335   312.363
0.00369317   312.58
0.00374299   312.797
0.0037928   313.013
0.00384261   313.23
0.00389241   313.446
0.00394222   313.662
0.00399202   313.878
0.00404182   314.094
0.00409162   314.31
0.00414141   314.525
0.0041912   314.741
0.00424099   314.956
0.00429078   315.171
0.00434057   315.386
0.00439035   315.601
0.00444013   315.815
0.00448991   316.03
0.00453968   316.244
0.00458945   316.459
0.00463922   316.673
0.00468899   316.887
0.00473875   317.1
0.00478852   317.314
0.00483828   317.528
0.00488803   317.741
0.00493779   317.954
0.00498754   318.167
